-0.103000164,0.015000343,-0.08799982,o
0.07000017,0.06699991,0.13700008,o
0.028000355,0.013000011,0.041000366,o
-0.23699999,-0.042000055,-0.27900004,o
-0.001999855,0.04400015,0.042000294,o
-0.006000042,-0.016999722,-0.022999763,o
0.08699989,0.103000164,0.19000006,o
-0.024000168,-0.0089998245,-0.032999992,o
0.032999992,0.018999577,0.05199957,o
-0.06699991,0.031000137,-0.035999775,o
0.06399965,0.08100033,0.14499998,o
0.10500002,0.14300013,0.24800014,o
0.17300034,0.096999645,0.26999998,o
0.010000229,-0.018000126,-0.007999897,o
0.3920002,0.18999958,0.5819998,o
0.20499992,0.17700005,0.38199997,o
0.3909998,0.39100027,0.78200006,o
0.075000286,0.048999786,0.12400007,o
0.22900009,0.06500006,0.29400015,o
0.4419999,0.40599966,0.8479996,o
-0.01999998,-0.032999992,-0.052999973,o
0.19299984,0.10800028,0.30100012,o
0.02300024,0.035999775,0.059000015,o
