3
278
531
940
1036
2525
2613
3383
3504
3709
3812
4427
4983
5147
5434
6027
6109
6775
7457
7557
7588
7936
8068
8738
8980
9017
9115
9538
9703
9935
10147
10243
10475
10486
10610
11116
11607
11722
11894
12469
13997
14166
14542
14626
15114
15150
15188
15270
15520
15521
15796
16195
16252
16406
16430
16826
16941
17146
17203
17309
17499
17608
17702
17772
17851
17963
18172
18350
18424
18505
19008
19343
19529
19647
19991
20245
20922
21127
21605
21626
21667
21700
22024
22034
22331
23201
23436
23624
23727
23734
23883
23921
23972
24029
24118
24201
24238
24326
24672
24724
25007
25011
25114
25302
25655
25896
26064
26162
26319
26354
26449
26451
26476
26566
26574
26594
26601
26612
26634
26821
26845
26872
26964
26998
27023
27071
27088
27459
27590
27683
27699
27808
27842
27850
27881
28510
28783
28992
29298
29478
29563
29728
29753
29771
29979
30042
30143
30214
30389
30443
30452
30468
30621
30722
30840
30867
30883
30992
31028
31066
31199
31236
31583
31604
31894
32088
32292
32385
32418
32434
32586
32696
32759
32766
32786
32815
32876
32947
32977
33119
33200
33210
33267
33309
33361
33377
33493
33670
33673
33676
33721
33769
33846
33868
34032
34116
34207
34360
34485
34569
34619
34666
34719
34718
34839
34852
34986
35021
35037
35363
35406
35532
35594
35752
35769
35795
35864
35926
35933
35951
36167
36188
36209
36250
36293
36397
36404
36722
36778
36949
36969
36981
37119
37345
37647
37675
37743
37784
38029
38070
38224
38433
38434
38439
38510
38551
38779
38855
38994
39004
39013
39020
39172
39834
39843
39866
40148
40274
40299
40397
41255
41501
41599
41621
41774
41862
41882
42251
42774
42932
43105
43229
43955
44105
44213
44626
45063
45270
45520
45541
45833
45934
46147
46329
46377
46905
46978
47522
47549
48547
48943
49234
49281
49743
49812
49927
49934
50044
50099
50764
50843
51011
51063
51265
51421
51444
51453
51488
51491
51576
52370
52742
54390
54572
54669
54712
54790
54807
55524
55537
55801
55949
56191
56252
56379
56480
56586
56592
56748
57106
57143
57479
57569
57669
58128
58794
58974
59173
59196
59232
59653
60189
60737
61281
61448
61738
61966
62027
62291
63005
63007
63049
63275
63688
64359
64578
64622
64653
65637
65681
65693
65818
65848
65952
66372
66555
67108
67472
67611
67809
67861
68218
68704
68817
68978
69041
69105
69618
69741
69949
70042
70248
70418
71064
71264
71352
71668
71709
72592
72616
74376
74911
76013
76127
76371
77859
77986
78207
78682
79038
80126
80569
80640
80721
81256
81377
81645
82874
83105
83323
84401
84483
84650
84735
84745
85079
85467
85792
85895
86253
86291
86468
86884
86964
87196
87232
87278
87280
87302
87774
88123
88149
88172
88463
88615
88938
89129
89170
89238
89605
89975
89977
90096
90610
90801
90958
90970
91119
91130
91487
91550
91725
91777
91904
91946
91987
92128
92180
92279
92420
92477
92510
92594
92609
92694
92729
93051
93215
93581
93680
93696
93769
93903
93996
94011
94066
94260
94331
94384
94596
94682
94910
94988
95108
95133
95152
95176
95673
95700
95929
95951
96196
96387
96984
97117
97189
97275
97545
97607
97679
97681
98425
98441
98635
98696
98778
98807
98950
99021
99089
99303
99327
99531
99599
99667
99820
99824
99898
99953
99995
100013
100435
100574
100628
100744
101066
101084
101118
101160
101411
101780
101921
102097
102195
102589
102700
102754
102827
102926
103007
103189
103277
103632
103700
103732
103763
103879
104361
104483
104883
104928
105091
105138
105250
105268
105309
105565
105623
105699
105741
106079
106145
106284
106518
106620
106628
106716
106723
106740
107164
107353
107456
107469
107521
108022
108073
108226
108326
108546
108597
108654
108684
108738
108874
108975
109113
109240
110177
110186
110287
110386
110662
110672
110699
110921
111071
111546
111785
111954
112148
112558
112632
112641
112778
113017
113226
113301
113327
113640
113726
113889
114329
114815
115224
115244
115368
115583
116299
117205
117514
117700
117928
118214
118224

