# col1    HIP     RA               DE               RARad          DERad          
  3       3       0.0050079433     38.8592860817    8.74051E-5     0.6782224871   
  278     278     0.8631187429     55.5509021918    0.0150642639   0.9695461457   
  531     531     1.6105283841     64.1961686553    0.028109023    1.1204345102   
  940     940     2.9047769435     58.2118356029    0.0506979217   1.0159881949   
  1036    1036    3.2468687633     66.3220666918    0.0566685503   1.1575384305   
  2525    2525    8.0118067201     67.1611279568    0.1398324063   1.1721828122   
  2613    2613    8.298368794      51.6686128402    0.144833858    0.901787414    
  3383    3383    10.7552956547    64.1104571141    0.1877153212   1.1189385616   
  3504    3504    11.181258956     48.2843823328    0.1951497833   0.842721449    
  3709    3709    11.9092200605    66.7570611602    0.2078551014   1.1651305162   
  3812    3812    12.255440511     -56.0970371568   0.2138977882   -0.979077999   
  4427    4427    14.177087837     60.7167495468    0.2474368611   1.0597071907   
  4983    4983    15.9723466436    47.6423017749    0.2787700382   0.8315150292   
  5147    5147    16.4707281318    65.9710763447    0.2874684361   1.1514124933   
  5434    5434    17.375509008     47.2418244041    0.3032598414   0.8245253805   
  6027    6027    19.3595392109    57.6320788213    0.3378877009   1.0058695302   
  6109    6109    19.6129020991    61.8929194228    0.3423097175   1.0802352276   
  6775    6775    21.7746172171    57.7218137351    0.3800387638   1.0074356999   
  7457    7457    24.0127864425    47.1144972022    0.419102186    0.8223031016   
  7557    7557    24.3424305709    74.300962086     0.4248555614   1.2967964258   
  7588    7588    24.4281320795    -57.2366598485   0.4263513349   -0.9989681672  
  7936    7936    25.503875592     61.7954501976    0.4451266011   1.0785340687   
  8068    8068    25.9150636697    50.6887653942    0.4523031869   0.8846858499   
  8738    8738    28.1087254075    55.3316001263    0.4905898069   0.9657186026   
  8980    8980    28.9285542268    59.2734545541    0.5048985191   1.034516941    
  9017    9017    29.0297517228    56.5543852928    0.5066647486   0.9870602298   
  9115    9115    29.3724401178    64.0411543909    0.5126457894   1.1177290009   
  9538    9538    30.6517897519    59.6881017326    0.5349746528   1.0417538995   
  9703    9703    31.2018438285    56.2620155984    0.5445749075   0.981957416    
  9935    9935    31.9725857091    57.1056884402    0.558026891    0.9966822849   
  10147   10147   32.6289358841    64.0919849777    0.5694823626   1.118616162    
  10243   10243   32.9329608521    60.7123636465    0.5747885993   1.0596306423   
  10475   10475   33.7608468733    55.7932282225    0.5892379362   0.9737755328   
  10486   10486   33.8040422073    64.024455536     0.589991837    1.1174375509   
  10610   10610   34.1499715265    49.8198836412    0.5960294426   0.8695210025   
  11116   11116   35.7521853133    -29.6194569712   0.6239933485   -0.5169570468  
  11607   11607   37.4314146201    60.6773704841    0.6533014288   1.0590198964   
  11722   11722   37.8314003415    56.8978317681    0.6602824966   0.9930545016   
  11894   11894   38.3608480999    70.9565113451    0.6695231032   1.2384247487   
  12469   12469   40.1319368136    61.2293307225    0.7004344326   1.0686534199   
  13997   13997   45.0495013306    38.131807528     0.7862621246   0.6655255911   
  14166   14166   45.6578620102    57.6127977258    0.7968800215   1.0055330116   
  14542   14542   46.9406344599    67.5773981415    0.8192686243   1.1794480975   
  14626   14626   47.225761326     62.3845966402    0.8242450269   1.0888166139   
  15114   15114   48.7304661529    48.695798717     0.8505070804   0.8499020195   
  15150   15150   48.8197847728    59.9136585894    0.8520659844   1.0456906093   
  15188   15188   48.9410878735    -16.8287209112   0.8541831229   -0.2937165888  
  15270   15270   49.2489849075    60.0674926408    0.8595569399   1.04837552     
  15520   15520   49.9969031461    65.6523271005    0.8726105757   1.1458492695   
  15521   15521   50.0049833923    59.8641060881    0.8727516026   1.044825755    
  15796   15796   50.8879249852    71.4185472211    0.8881618405   1.246488796    
  16195   16195   52.1633088691    62.4930018593    0.9104214885   1.0907086419   
  16252   16252   52.3594343506    46.9379375934    0.9138445239   0.8192215551   
  16406   16406   52.8153035622    41.726467901     0.9218009426   0.7282642501   
  16430   16430   52.8879874754    47.8624813826    0.9230695162   0.8353578883   
  16826   16826   54.1223337099    48.1927005543    0.9446129221   0.8411213001   
  16941   16941   54.504327869     55.1708660243    0.9512799779   0.9629132633   
  17146   17146   55.083202668     61.8440071102    0.9613832491   1.0793815467   
  17203   17203   55.2826718911    37.5802641278    0.9648646438   0.6558993428   
  17309   17309   55.5789369938    19.7002861785    0.9700354453   0.3438348574   
  17499   17499   56.2188481846    24.1134484063    0.9812040025   0.4208590687   
  17608   17608   56.5815014887    23.9484619949    0.9875334967   0.4179795126   
  17702   17702   56.8711008004    24.1052417943    0.9925879582   0.4207158363   
  17772   17772   57.0753370209    50.7367719637    0.9961525527   0.8855237226   
  17851   17851   57.2966841619    24.1368255656    1.0000157891   0.4212670771   
  17963   17963   57.6044755252    52.4819079468    1.0053877618   0.9159820914   
  18172   18172   58.3018455422    63.4834365398    1.0175591647   1.1079949881   
  18350   18350   58.8461612573    31.0458482364    1.0270592661   0.5418522708   
  18424   18424   59.0848454022    44.9374938971    1.0312250903   0.7843072261   
  18505   18505   59.3559813093    63.0722492127    1.0359573046   1.1008184154   
  19008   19008   61.0901681664    53.3290505351    1.0662245751   0.9307675188   
  19343   19343   62.165305501     47.712593618     1.0849892615   0.8327418533   
  19529   19529   62.7641449628    16.6469789965    1.0954409818   0.290544594    
  19647   19647   63.1519338223    42.1184423833    1.1022091742   0.7351054954   
  19991   19991   64.3181974127    46.2305567834    1.1225643138   0.8068754309   
  20245   20245   65.0698723752    42.3144053053    1.1356835168   0.7385256936   
  20922   20922   67.2788555431    -13.0483673003   1.1742375462   -0.2277369714  
  21127   21127   67.9241422526    53.8127826155    1.1854999239   0.9392102363   
  21605   21605   69.5673860111    -24.6585644289   1.2141799379   -0.4303731381  
  21626   21626   69.6510022628    8.1751928203     1.2156393168   0.1426840317   
  21667   21667   69.7703729316    41.2500079671    1.217722728    0.7199484555   
  21700   21700   69.8874641164    43.6592034729    1.2197663547   0.7619968494   
  22024   22024   71.0221583053    -8.5035739778    1.2395705043   -0.1484153641  
  22034   22034   71.0542137641    40.7865108825    1.2401299776   0.7118589053   
  22331   22331   72.1435038954    48.5444086285    1.2591416769   0.847259764    
  23201   23201   74.898441283     25.8074997245    1.307224405    0.4504258419   
  23436   23436   75.5662206654    24.029170417     1.3188793539   0.4193881403   
  23624   23624   76.1839857024    44.9586250505    1.3296613878   0.7846760343   
  23727   23727   76.5133987627    80.2478477227    1.3354107303   1.4005891604   
  23734   23734   76.535249402     58.9723909643    1.3357920959   1.0292623901   
  23883   23883   76.9809784982    21.7048359768    1.3435715362   0.3788208514   
  23921   23921   77.1102313023    -40.9124542423   1.3458274232   -0.7140570316  
  23972   23972   77.2865958362    -8.754075996     1.348905565    -0.1527874491  
  24029   24029   77.4851400075    37.0044528425    1.3523708145   0.64584954     
  24118   24118   77.7008448779    41.0029030845    1.3561355747   0.7156356617   
  24201   24201   77.9288663125    42.1653584938    1.3601152995   0.735924336    
  24238   24238   78.0603980735    41.2152249656    1.3624109618   0.7193413776   
  24326   24326   78.3055562117    40.1935412587    1.3666897785   0.701509633    
  24672   24672   79.3986747725    33.5935000992    1.3857682965   0.586317184    
  24724   24724   79.5424073431    37.6501420319    1.3882769031   0.6571189423   
  25007   25007   80.3202517289    -34.345066383    1.4018528487   -0.5994344902  
  25011   25011   80.3304493979    4.011977638      1.4020308316   0.0700222193   
  25114   25114   80.6467938466    37.6760206734    1.4075520838   0.6575706098   
  25302   25302   81.1867771471    1.8464460424     1.4169765703   0.0322265629   
  25655   25655   82.2019065606    2.164714661      1.4346939209   0.0377813982   
  25896   25896   82.9209801444    9.2259996339     1.4472441225   0.1610240704   
  26064   26064   83.3817910539    18.5402308837    1.4552867901   0.323588073    
  26162   26162   83.6629172938    28.051055796     1.4601933686   0.4895832823   
  26319   26319   84.0743032023    -1.6353282951    1.4673734072   -0.0285418631  
  26354   26354   84.1762579079    34.2016592696    1.4691528525   0.5969315639   
  26449   26449   84.4091532137    23.1474659259    1.4732176424   0.4039994939   
  26451   26451   84.4111846299    21.1425928935    1.4732530973   0.3690078584   
  26476   26476   84.4727243135    0.9686137547     1.4743271674   0.0169054992   
  26566   26566   84.7273970691    26.3157945858    1.4787720455   0.4592972608   
  26574   26574   84.7417373375    28.4601452037    1.4790223304   0.4967232394   
  26594   26594   84.7964409414    4.1214665209     1.4799770884   0.0719331608   
  26601   26601   84.8131709022    30.1505635626    1.4802690813   0.5262266055   
  26612   26612   84.8545454336    -11.2102264932   1.4809912031   -0.1956553622  
  26634   26634   84.9122496633    -34.0740493933   1.4819983319   -0.5947043514  
  26821   26821   85.4229713503    -16.7258433082   1.4909121069   -0.2919210359  
  26845   26845   85.4973415873    29.5226401959    1.4922101124   0.5152672753   
  26872   26872   85.5827851847    43.0596015532    1.4937013845   0.7515318217   
  26964   26964   85.8312437775    23.2044101442    1.498037805    0.404993358    
  26998   26998   85.9127517737    25.4395523305    1.4994603879   0.4440039484   
  27023   27023   85.971834219     21.9519487949    1.5004915711   0.3831337837   
  27071   27071   86.1155244538    27.2299209021    1.5029994388   0.4752517748   
  27088   27088   86.1572676492    29.016605126     1.503727995    0.5064352972   
  27459   27459   87.2235390864    29.1361184956    1.5223379423   0.508521199    
  27590   27590   87.634512895     18.0263770484    1.5295107884   0.3146196317   
  27683   27683   87.910482383     21.5411413159    1.5343273646   0.3759638406   
  27699   27699   87.9764629594    28.2618675838    1.5354789429   0.4932626421   
  27808   27808   88.2753897375    26.4454119286    1.5406961994   0.4615595102   
  27842   27842   88.3630696579    0.7792163389     1.5422265027   0.0135998907   
  27850   27850   88.3795942306    25.7422477327    1.5425149109   0.4492869798   
  27881   27881   88.4993652364    26.4225335978    1.5446053093   0.461160208    
  28510   28510   90.2744552066    23.3390000216    1.5755864738   0.4073423945   
  28783   28783   91.1600446152    46.5851190812    1.5910429248   0.8130637104   
  28992   28992   91.7652857001    -34.3120217584   1.6016063745   -0.5988577527  
  29298   29298   92.653096741     3.8717219185     1.6171016003   0.0675742952   
  29478   29478   93.1660457385    32.9726557349    1.6260542492   0.5754814057   
  29563   29563   93.4257457575    8.7123943936     1.6305868696   0.1520599679   
  29728   29728   93.9174056888    6.066208028      1.6391679542   0.1058753032   
  29753   29753   93.9857129149    -44.6196564465   1.6403601402   -0.7787599161  
  29771   29771   94.0320685753    -16.618008606    1.6411691991   -0.2900389653  
  29979   29979   94.6643178479    23.0079323223    1.6522040306   0.4015641731   
  30042   30042   94.8264746786    -12.5332622283   1.6550342012   -0.2187466919  
  30143   30143   95.1509968278    -34.1441929263   1.6606981812   -0.595928587   
  30214   30214   95.3529908181    -11.7732433846   1.6642236414   -0.2054818607  
  30389   30389   95.8528435817    15.1017954348    1.6729477179   0.2635760533   
  30443   30443   96.0007464486    8.3006933353     1.6755291099   0.1448744289   
  30452   30452   96.0162140401    25.4170056219    1.6757990703   0.4436104341   
  30468   30468   96.0857524438    -12.9619486777   1.6770127444   -0.2262286819  
  30621   30621   96.5264681764    -9.3974020496    1.684704685    -0.1640156069  
  30722   30722   96.8157393265    14.8892276746    1.689753419    0.259866046    
  30840   30840   97.1635189213    -32.3712973386   1.695823318    -0.5649857217  
  30867   30867   97.2044738643    -7.0330516812    1.6965381166   -0.1227499083  
  30883   30883   97.2407932234    20.2121667357    1.697172009    0.3527688585   
  30992   30992   97.5734549544    2.8478961057     1.7029780515   0.0497051638   
  31028   31028   97.6605169971    -22.3218156434   1.7044975708   -0.389589178   
  31066   31066   97.7898358633    11.251381175     1.7067546108   0.1963736469   
  31199   31199   98.180134341     -7.5089745073    1.7135666043   -0.1310563286  
  31236   31236   98.2733088923    16.9487594769    1.715192807    0.295811657    
  31583   31583   99.1472095951    -5.2111083222    1.7304452516   -0.0909509979  
  31604   31604   99.2163881584    -12.8513614634   1.7316526453   -0.2242985709  
  31894   31894   100.0065877774   -4.6987085793    1.7454442304   -0.0820079353  
  32088   32088   100.5539219259   -10.4980848909   1.7549970134   -0.1832261465  
  32292   32292   101.1186209813   -31.0705379217   1.7648528712   -0.5422831871  
  32385   32385   101.379961814    -30.9489909416   1.7694141292   -0.5401617921  
  32418   32418   101.5134438259   -39.5402753498   1.7717438298   -0.690107992   
  32434   32434   101.5506482215   -37.7753480982   1.772393169    -0.6593042004  
  32586   32586   101.9886178649   0.7761184478     1.7800371813   0.0135458223   
  32696   32696   102.3161260868   -12.6679267736   1.7857532781   -0.2210970316  
  32759   32759   102.4602726653   -32.5084875333   1.7882691105   -0.5673801423  
  32766   32766   102.4813431538   -5.5132001077    1.7886368599   -0.0962234942  
  32786   32786   102.5337134443   -12.584761835    1.7895508939   -0.2196455296  
  32815   32815   102.6103055371   -14.1133731827   1.7908876781   -0.2463248306  
  32876   32876   102.7598262592   -13.2317698358   1.793497307    -0.2309379495  
  32947   32947   102.9406390827   5.0844105603     1.7966530861   0.0887397048   
  32977   32977   103.0431639787   -0.2955335043    1.7984424831   -0.0051580327  
  33119   33119   103.467366976    -13.1858639874   1.8058462221   -0.2301367413  
  33200   33200   103.6496268159   -17.9172046445   1.8090272564   -0.3127142138  
  33210   33210   103.6751793699   -1.7564851827    1.8094732326   -0.0306564497  
  33267   33267   103.806873467    5.4340170539     1.8117717282   0.0948414892   
  33309   33309   103.9285150368   -24.6788413022   1.8138947741   -0.4307270363  
  33361   33361   104.0795211519   -3.807087369     1.816530328    -0.0664462095  
  33377   33377   104.1335849395   46.2739864056    1.8174739191   0.8076334208   
  33493   33493   104.4287680744   17.902021114     1.8226258367   0.3124492112   
  33670   33670   104.9276983416   -11.1573895056   1.8313338126   -0.1947331828  
  33673   33673   104.9356312058   -28.3997247702   1.8314722672   -0.4956687039  
  33676   33676   104.9435831725   -16.200758761    1.8316110552   -0.2827565817  
  33721   33721   105.0806871084   -22.1190693022   1.8340039703   -0.3860505868  
  33769   33769   105.1980808894   -26.0934485444   1.8360528783   -0.4554165903  
  33846   33846   105.3900381489   -27.2229525894   1.8394031645   -0.4751301548  
  33868   33868   105.456303342    -11.3009339914   1.8405597103   -0.1972385067  
  34032   34032   105.9049187933   -2.4741720538    1.848389527    -0.0431824486  
  34116   34116   106.1063868599   -10.4543792005   1.8519058081   -0.1824633383  
  34207   34207   106.3945137502   14.4731304258    1.856934571    0.252603779    
  34360   34360   106.8441214498   -23.8407345448   1.8647817057   -0.4160993139  
  34485   34485   107.1976449637   -15.9341494095   1.870951855    -0.2781033707  
  34569   34569   107.404084671    -16.0963371226   1.8745549076   -0.2809340803  
  34619   34619   107.5473031438   -9.3363136104    1.8770545415   -0.1629494125  
  34666   34666   107.6921877091   -11.5740614597   1.8795832542   -0.2020054803  
  34719   34719   107.8368772052   -10.4288351319   1.8821085623   -0.1820175102  
  34718   34718   107.8372453191   -21.8032953533   1.8821149871   -0.3805392917  
  34839   34839   108.1450518945   -9.845031876     1.8874872253   -0.1718282212  
  34852   34852   108.1894950046   -15.5017907476   1.8882629039   -0.2705572885  
  34986   34986   108.5827765239   -15.3954536654   1.8951269613   -0.2687013563  
  35021   35021   108.6602253376   2.9019337436     1.8964786981   0.0506482985   
  35037   35037   108.7027567854   -26.7726860629   1.8972210119   -0.4672715214  
  35363   35363   109.5766700418   -36.7339677409   1.9124736756   -0.6411286844  
  35406   35406   109.6591364531   -36.7427494077   1.913912986    -0.6412819534  
  35532   35532   109.9974364038   -40.4949000363   1.919817434    -0.7067693359  
  35594   35594   110.1790942943   -8.42102164      1.9229879623   -0.146974554   
  35752   35752   110.6188508841   -23.0256094969   1.9306631627   -0.401872698   
  35769   35769   110.6804871627   -26.0113512669   1.9317389187   -0.4539837225  
  35795   35795   110.7529290357   -31.9237902111   1.9330032679   -0.5571752489  
  35864   35864   110.9072814306   -14.1001843875   1.9356972254   -0.2460946427  
  35926   35926   111.0864261047   -26.5077148035   1.9388238898   -0.4626469005  
  35933   35933   111.1152036204   15.517199101     1.9393261522   0.270826215    
  35951   35951   111.1674600757   -16.2014234894   1.9402381994   -0.2827681834  
  36167   36167   111.7477167343   -41.6291118349   1.9503655886   -0.7265650662  
  36188   36188   111.7878010393   8.2894088284     1.9510651917   0.1446774771   
  36209   36209   111.8507025691   15.6596782176    1.9521630305   0.2733129447   
  36250   36250   111.9625253497   -16.0938803999   1.9541147062   -0.2808912024  
  36293   36293   112.0514003971   -27.3996780008   1.9556658684   -0.4782145951  
  36397   36397   112.3449162878   -21.8692248791   1.9607886871   -0.381689979   
  36404   36404   112.3665564053   -21.8586309984   1.9611663784   -0.3815050809  
  36722   36722   113.2968550341   -11.6117277166   1.9774031525   -0.2026628805  
  36778   36778   113.4627061935   -36.3384016555   1.9802978013   -0.6342247538  
  36949   36949   113.9479451357   -22.8774858408   1.9887668185   -0.3992874525  
  36969   36969   113.9908240366   -3.3683030713    1.9895151965   -0.0587879788  
  36981   36981   114.0162400204   -14.4927734186   1.9899587891   -0.2529466139  
  37119   37119   114.4116871827   -14.4407654322   1.9968606441   -0.2520389033  
  37345   37345   114.99163237     -37.5794128157   2.0069825971   -0.6558844846  
  37647   37647   115.883881416    -4.680655424     2.0225552807   -0.0816928483  
  37675   37675   115.9496568448   -40.3093280191   2.0237032785   -0.7035304932  
  37743   37743   116.1225920831   -21.5067789285   2.0267215678   -0.3753641038  
  37784   37784   116.219828676    -16.1222400288   2.0284186665   -0.2813861713  
  38029   38029   116.8974977626   -30.5486369515   2.0402462233   -0.5331742968  
  38070   38070   117.0215622506   -25.9371804365   2.0424115571   -0.4526891973  
  38224   38224   117.4675831484   -40.9145591174   2.0501960903   -0.7140937686  
  38433   38433   118.0928149084   -59.4931388226   2.0611084431   -1.0383511548  
  38434   38434   118.0943255231   3.8431568727     2.0611348083   0.0670757411   
  38439   38439   118.1252977078   -21.9997533509   2.0616753749   -0.3839681306  
  38510   38510   118.2995293089   -45.2187592283   2.06471629     -0.7892162322  
  38551   38551   118.4106588564   -23.31372455     2.0666558665   -0.4069012543  
  38779   38779   119.0657325903   -61.0994654322   2.07808906     -1.066386843   
  38855   38855   119.2666464921   2.9508474198     2.0815956691   0.0515020032   
  38994   38994   119.7106538902   -60.8244883816   2.0893450601   -1.0615875881  
  39004   39004   119.729000291    -32.5576989356   2.0896652652   -0.5682390433  
  39013   39013   119.7530642549   -48.376321295    2.0900852606   -0.8443260866  
  39020   39020   119.7716724917   -25.2769465186   2.0904100356   -0.4411659416  
  39172   39172   120.1839071168   -2.8819247854    2.0976048871   -0.0502990763  
  39834   39834   122.0806833877   -23.6177967068   2.1307098782   -0.4122083146  
  39843   39843   122.1027109335   -63.800833913    2.1310943314   -1.1135346173  
  39866   39866   122.1568671965   -37.6812417799   2.1320395365   -0.6576617353  
  40148   40148   122.9784202865   -30.2119020407   2.1463783429   -0.5272971639  
  40274   40274   123.3730102237   -35.8995420941   2.1532652365   -0.6265652095  
  40299   40299   123.4402430566   -46.5786945341   2.1544386708   -0.8129515809  
  40397   40397   123.7135211154   -46.4859109233   2.1592082727   -0.8113322014  
  41255   41255   126.2516735614   -12.7647898954   2.2035073898   -0.222787612   
  41501   41501   126.9603708967   -50.1000384942   2.2158764917   -0.8744106271  
  41599   41599   127.2169470811   -42.58749878     2.2203545909   -0.7432920739  
  41621   41621   127.2815533208   -44.1604312492   2.2214821825   -0.7707449244  
  41774   41774   127.774732696    -39.0609754361   2.2300897864   -0.6817426304  
  41862   41862   128.0362680535   -36.107566173    2.2346544395   -0.6301959146  
  41882   41882   128.0974354521   -49.6013344136   2.235722012    -0.8657065989  
  42251   42251   129.2195979196   -63.6276281241   2.2553074418   -1.110511606   
  42774   42774   130.7360730357   -77.1178114537   2.2817749256   -1.3459597218  
  42932   42932   131.2584554509   -41.5161984005   2.2908922187   -0.724594355   
  43105   43105   131.6773298834   -56.7697971181   2.2982029567   -0.9908198754  
  43229   43229   132.0869156617   -46.9105476439   2.3053515771   -0.8187435103  
  43955   43955   134.2814908145   -43.2562045148   2.3436541392   -0.7549631907  
  44105   44105   134.74721325     3.6561176481     2.3517825291   0.0638112908   
  44213   44213   135.0927611284   -43.1739923936   2.3578134773   -0.7535283185  
  44626   44626   136.4099258395   -70.5385204478   2.3808023383   -1.2311294313  
  45063   45063   137.6751076941   -53.0458349072   2.4028839273   -0.9258244736  
  45270   45270   138.3936469546   -47.3384401858   2.4154248032   -0.826211644   
  45520   45520   139.165492965    -44.4346093617   2.4288960574   -0.7755302352  
  45541   45541   139.2317577055   -63.7751555718   2.4300525953   -1.1130864457  
  45833   45833   140.1754899372   -42.1785546113   2.44652383     -0.7361546517  
  45934   45934   140.4934418533   -51.1765062024   2.4520731378   -0.8931985329  
  46147   46147   141.1645261594   -58.6890434701   2.4637857685   -1.0243170434  
  46329   46329   141.6871399751   -28.7876822683   2.4729071003   -0.5024398396  
  46377   46377   141.8496169918   58.1428391658    2.4757428592   1.0147839799   
  46905   46905   143.3777870359   -58.3862650807   2.502414458    -1.0190325636  
  46978   46978   143.6242247551   -66.122251895    2.5067156076   -1.1540510044  
  47522   47522   145.320941513    -23.5915214009   2.5363289015   -0.411749724   
  47549   47549   145.4055086569   -68.5049991819   2.5378048766   -1.1956377898  
  48547   48547   148.5214406988   -27.9990044596   2.59218815     -0.4886748151  
  48943   48943   149.7763297849   -23.9507831615   2.6140900963   -0.4180200246  
  49234   49234   150.7558146747   -54.5584530089   2.6311853326   -0.9522246398  
  49281   49281   150.8922477516   -61.8840500534   2.633566539    -1.0800804279  
  49743   49743   152.3255944437   -50.6396023381   2.6585831581   -0.8838277927  
  49812   49812   152.5314901104   -8.4081629889    2.6621767154   -0.1467501282  
  49927   49927   152.901188876    -59.8837882884   2.6686291761   -1.0451692742  
  49934   49934   152.9436329306   -58.0605600257   2.6693699646   -1.013347938   
  50044   50044   153.2548524666   -59.9180945489   2.6748017702   -1.0457680314  
  50099   50099   153.4344955051   -70.0379217562   2.6779371327   -1.2223923359  
  50764   50764   155.4975344279   -18.0344644336   2.7139439545   -0.3147607832  
  50843   50843   155.7243694159   -59.6245549263   2.7179029719   -1.0406447985  
  51011   51011   156.3175344757   -58.8724774782   2.7282556552   -1.0275185708  
  51063   51063   156.5008215315   -57.8269426555   2.7314546178   -1.0092705457  
  51265   51265   157.07617421     -63.164573128    2.7414964164   -1.1024297717  
  51421   51421   157.5284949105   -68.5520353843   2.7493909019   -1.1964587264  
  51444   51444   157.5934101063   -57.0773879291   2.7505238858   -0.9961883478  
  51453   51453   157.6404953481   -61.3364978887   2.7513456783   -1.0705238398  
  51488   51488   157.7426574988   -61.613466403    2.7531287442   -1.0753578523  
  51491   51491   157.7494078297   -13.588467616    2.7532465597   -0.2371635002  
  51576   51576   158.0061828649   -61.6853602591   2.7577281295   -1.0766126368  
  52370   52370   160.5589334504   -64.4664536857   2.8022820322   -1.1251518739  
  52742   52742   161.7395615168   -56.7571908205   2.8228878792   -0.990599854   
  54390   54390   166.9198864037   -56.6605985816   2.9133016048   -0.9889140014  
  54572   54572   167.5097607606   -60.095136932    2.9235968545   -1.0488580039  
  54669   54669   167.8631040907   -63.2057168319   2.929763859    -1.1031478648  
  54712   54712   168.0231067948   -71.2174569514   2.932556433    -1.2429791087  
  54790   54790   168.253754181    -57.0351897708   2.9365819893   -0.995451851   
  54807   54807   168.3021253579   -26.4650960254   2.9374262256   -0.4619030625  
  55524   55524   170.582212273    -61.0734750525   2.9772212495   -1.0659332253  
  55537   55537   170.6320128708   -53.3698494216   2.9780904339   -0.9314795937  
  55801   55801   171.5058217743   -59.3528672092   2.9933412763   -1.0359029533  
  55949   55949   171.9870044217   -62.8051361855   3.0017394978   -1.0961564136  
  56191   56191   172.7788274364   -62.9469276897   3.0155594165   -1.0986311422  
  56252   56252   172.9612417285   -68.0579375692   3.0187431465   -1.1878350927  
  56379   56379   173.356281684    -70.1947885822   3.0256378944   -1.2251301785  
  56480   56480   173.6904662966   -54.2641315739   3.0314705162   -0.9470877617  
  56586   56586   174.0228854716   -61.701685769    3.0372723253   -1.0768975707  
  56592   56592   174.0390738154   -61.694883975    3.0375548652   -1.076778857   
  56748   56748   174.5212988506   -45.1389177944   3.0459712798   -0.7878227363  
  57106   57106   175.6056494955   -62.4770757927   3.0648967688   -1.0904306796  
  57143   57143   175.7822229184   -72.4455385856   3.0679785564   -1.2644131767  
  57479   57479   176.7340474512   -41.2927867665   3.0845910284   -0.7206950864  
  57569   57569   177.0001226227   -62.2069209268   3.0892349162   -1.0857155877  
  57669   57669   177.4212000608   -63.7884895831   3.0965841039   -1.1133191681  
  58128   58128   178.8403171799   -63.7035467623   3.1213523701   -1.1118366362  
  58794   58794   180.8860655886   -61.0982979963   3.1570574155   -1.0663664674  
  58974   58974   181.3871109295   -69.9132008419   3.1658023064   -1.2202155453  
  59173   59173   182.0219015106   -50.6612544934   3.1768814921   -0.8842056941  
  59196   59196   182.0897652216   -50.7224099171   3.1780659373   -0.8852730576  
  59232   59232   182.2274921918   -41.2315845837   3.1804697264   -0.7196269068  
  59653   59653   183.5074316803   -59.3969036739   3.2028088847   -1.0366715346  
  60189   60189   185.1404610968   -22.2158339039   3.2313106248   -0.3877394477  
  60737   60737   186.7181549943   -60.7538619254   3.2588465779   -1.0603549239  
  61281   61281   188.371010458    69.7882098755    3.2876943478   1.2180340414   
  61448   61448   188.8853229116   -64.2212428468   3.2966707935   -1.1208721374  
  61738   61738   189.8109857103   -75.3705693465   3.3128266571   -1.3154645942  
  61966   61966   190.4858200194   -59.6858108182   3.3246047377   -1.0417139155  
  62027   62027   190.7095117151   -63.0586158424   3.3285088943   -1.1005804682  
  62291   62291   191.4748514059   -60.5515146493   3.3418665918   -1.0568232977  
  63005   63005   193.6538385659   -57.1686439369   3.3798970921   -0.9977810656  
  63007   63007   193.6634167529   -59.146665308    3.380064263    -1.0323040512  
  63049   63049   193.7852691253   -59.0187257518   3.3821909881   -1.0300710847  
  63275   63275   194.5034920042   -59.0843275629   3.3947263421   -1.0312160523  
  63688   63688   195.7723355863   -71.4757232009   3.4168718403   -1.2474867051  
  64359   64359   197.8730373684   -55.3568371238   3.453536003    -0.9661590713  
  64578   64578   198.5480659045   -63.3737311247   3.4653174735   -1.1060802674  
  64622   64622   198.6695568207   -38.6515895341   3.46743789     -0.6745974985  
  64653   64653   198.7917103398   -60.9668695339   3.4695698711   -1.064072608   
  65637   65637   201.8544431989   -62.6490097299   3.5230246436   -1.0934314929  
  65681   65681   202.0062962144   -61.0625002751   3.5256749787   -1.0657416793  
  65693   65693   202.0305163665   -66.2797603248   3.5260977001   -1.1568000451  
  65818   65818   202.3928806249   -61.1933609993   3.5324221495   -1.0680256298  
  65848   65848   202.4774024478   -65.5019912772   3.5338973336   -1.1432254144  
  65952   65952   202.8177344908   -53.0965503638   3.5398372483   -0.9267096253  
  66372   66372   204.0874726147   -63.1456760231   3.5619983592   -1.102099955   
  66555   66555   204.6483105992   -69.2942626509   3.5717868286   -1.209413036   
  67108   67108   206.3267219056   -66.7546499647   3.6010806321   -1.1650884329  
  67472   67472   207.4041992056   -42.4736851372   3.6198861586   -0.7413056511  
  67611   67611   207.8096261353   -63.8899945913   3.6269621934   -1.1150907647  
  67809   67809   208.3676441534   -39.0572000796   3.6367014451   -0.681676738   
  67861   67861   208.4885296308   -47.128153382    3.6388112947   -0.8225414469  
  68218   68218   209.4907279656   -59.8846814093   3.6563029554   -1.0451848621  
  68704   68704   210.9652719275   -59.4631075491   3.6820386025   -1.0378270102  
  68817   68817   211.3418340399   -62.5073909208   3.6886108512   -1.0909597784  
  68978   68978   211.8300989842   -59.5115765758   3.6971326821   -1.0386729543  
  69041   69041   211.9861289537   -61.5089312102   3.6998559188   -1.073533369   
  69105   69105   212.1876435846   -59.7170546136   3.7033730126   -1.0422592226  
  69618   69618   213.7381830355   -57.086075373    3.7304350312   -0.9963399723  
  69741   69741   214.1136629567   -64.7806121514   3.7369883921   -1.1306349735  
  69949   69949   214.7124332797   -58.6864070163   3.7474389057   -1.0242710286  
  70042   70042   214.9891160772   -73.9684416808   3.7522679315   -1.2909928499  
  70248   70248   215.5966540239   -80.1089110552   3.762871469    -1.3981642581  
  70418   70418   216.0924058134   -82.8482232649   3.77152397     -1.4459742754  
  71064   71064   217.9981582588   18.7669039596    3.8047856249   0.3275442645   
  71264   71264   218.621920256    -64.2020278764   3.8156723255   -1.1205367729  
  71352   71352   218.8768812151   -42.1577456838   3.8201222337   -0.7357914674  
  71668   71668   219.8819686495   -68.2033733371   3.8376643187   -1.1903734257  
  71709   71709   220.0228375427   -59.9313448167   3.8401229447   -1.0459992922  
  72592   72592   222.6423720258   -66.2593234817   3.8858424463   -1.1564433549  
  72616   72616   222.7094091993   -60.2862032821   3.8870124657   -1.0521927408  
  74376   74376   227.9839925649   -48.7377035954   3.9790713121   -0.8506333976  
  74911   74911   229.6335362007   -47.8751914428   4.0078612797   -0.8355797207  
  76013   76013   232.878419333    -73.3895466908   4.0644951742   -1.2808892263  
  76127   76127   233.2324829512   31.3591550749    4.0706747501   0.5473205067   
  76371   76371   233.9719374229   -44.9583367782   4.0835806653   -0.784671003   
  77859   77859   238.4828003051   -23.9780360022   4.1623100747   -0.4184956764  
  77986   77986   238.8775435773   42.5661521315    4.1691996445   0.7429195046   
  78207   78207   239.5474007625   -14.2793175107   4.1808908579   -0.2492211055  
  78682   78682   240.935297102    -60.4984573996   4.2051142187   -1.055897274   
  79038   79038   241.9990846239   -55.1304529103   4.2236808135   -0.9622079214  
  80126   80126   245.3299924417   -23.7079235524   4.281816122    -0.4137813248  
  80569   80569   246.7559929898   -18.45619694     4.3067045267   -0.322121404   
  80640   80640   246.9757767066   -59.8487133305   4.3105404762   -1.0445571007  
  80721   80721   247.2078664109   -44.8126105092   4.3145912057   -0.7821275998  
  81256   81256   248.9527567039   -42.1229034441   4.3450452864   -0.7351833556  
  81377   81377   249.2897083303   -10.5671517789   4.3509262017   -0.1844315911  
  81645   81645   250.1769261365   -41.1269500113   4.3664110736   -0.717800689   
  82874   82874   254.0604133136   -46.8493980529   4.4341907113   -0.8176762486  
  83105   83105   254.7366929947   -46.128988154    4.4459940184   -0.8051027239  
  83323   83323   255.4474598191   -58.958226336    4.4583992397   -1.0290151707  
  84401   84401   258.8301969063   -33.548413231    4.5174391396   -0.5855302697  
  84483   84483   259.0732709907   -42.3390332314   4.5216815827   -0.738955532   
  84650   84650   259.5854651106   -32.5530888313   4.5306210565   -0.5681585818  
  84735   84735   259.820170138    -39.80697253     4.534717432    -0.6947627359  
  84745   84745   259.8506108413   -38.0036812734   4.5352487225   -0.6632893661  
  85079   85079   260.8170037773   -47.468153711    4.5521154611   -0.8284755721  
  85467   85467   261.9783829713   -47.0262168964   4.5723853519   -0.8207623196  
  85792   85792   262.9605068417   -49.8759816353   4.5895266471   -0.8705000972  
  85895   85895   263.2972555493   -58.5575577005   4.5954040208   -1.0220221838  
  86253   86253   264.3788108191   -35.3330652538   4.6142807213   -0.6166783235  
  86291   86291   264.4784088576   -24.9658089843   4.616019035    -0.4357355672  
  86468   86468   265.0043435939   -32.201052968    4.6251983278   -0.5620143969  
  86884   86884   266.2821049432   -9.8151003602    4.6474994704   -0.1713058177  
  86964   86964   266.5632760171   -1.1500502371    4.6524068314   -0.0200721632  
  87196   87196   267.2139311348   -33.8625143035   4.6637629055   -0.5910123676  
  87232   87232   267.353127759    -38.9837827804   4.6661923449   -0.6803953644  
  87278   87278   267.5051394839   24.4680803987    4.66884545     0.4270485646   
  87280   87280   267.5138900448   48.3941194038    4.6689981761   0.8446367222   
  87302   87302   267.5785914299   -47.2305073761   4.6701274283   -0.8243278611  
  87774   87774   268.958673685    -23.1301610592   4.6942144076   -0.403697467   
  88123   88123   269.9851159898   -33.4083206727   4.7121292054   -0.5830851933  
  88149   88149   270.0658230253   4.3686465756     4.7135378089   0.0762472666   
  88172   88172   270.1152258643   19.5057834567    4.7144000511   0.3404401445   
  88463   88463   270.9336741934   -25.3125189299   4.7286846692   -0.4417867973  
  88615   88615   271.3888186019   -19.7542028191   4.7366284377   -0.3447758803  
  88938   88938   272.313007501    13.4850994637    4.7527585769   0.2353593856   
  89129   89129   272.85129617     -20.7124978904   4.7621534865   -0.3615012845  
  89170   89170   272.9621243245   -15.6798559118   4.7640878027   -0.2736651119  
  89238   89238   273.1564800826   -28.2362850125   4.7674799506   -0.492816142   
  89605   89605   274.2814060172   -56.0233200058   4.787113612    -0.977791392   
  89975   89975   275.3656952697   25.0567649399    4.8060380295   0.4373230481   
  89977   89977   275.3683441224   5.4357456446     4.8060842607   0.0948716588   
  90096   90096   275.8006979542   -12.0147074061   4.8136302586   -0.2096962029  
  90610   90610   277.3416120178   -25.2565890073   4.8405242825   -0.440810636   
  90801   90801   277.8508833997   -19.1586033305   4.8494127449   -0.3343807082  
  90958   90958   278.3243233533   5.4455543727     4.8576758309   0.0950428534   
  90970   90970   278.3459993894   30.8921058639    4.8580541491   0.5391689602   
  91119   91119   278.8062614455   34.4580010799    4.8660872374   0.6014055725   
  91130   91130   278.8352975142   -22.0909300901   4.8665940124   -0.3855594649  
  91487   91487   279.8759794244   -21.9655422988   4.8847573382   -0.3833710351  
  91550   91550   280.0458698045   -22.6638237082   4.8877224847   -0.3955583448  
  91725   91725   280.5690484362   -15.8557805058   4.8968536744   -0.2767355753  
  91777   91777   280.7214346807   -39.2856542407   4.8995133161   -0.6856640153  
  91904   91904   281.0381465443   11.2153070875    4.9050409809   0.1957440353   
  91946   91946   281.1389201604   -7.1105940589    4.9067998123   -0.1241032781  
  91987   91987   281.2329730675   -0.3733915187    4.9084413452   -0.0065169114  
  92128   92128   281.6586688433   -7.9319774158    4.9158711381   -0.1384391221  
  92180   92180   281.8099065193   2.6018850969     4.9185107335   0.0454114617   
  92279   92279   282.0943836972   15.3941452533    4.9234757969   0.2686785202   
  92420   92420   282.5199746618   33.3626780182    4.9309037605   0.5822885787   
  92477   92477   282.6965639785   8.7028051313     4.9339858255   0.1518926037   
  92510   92510   282.790611878    -7.7988156931    4.935627271    -0.1361150116  
  92594   92594   283.0092200171   59.6670178885    4.9394427028   1.041385917    
  92609   92609   283.0543191352   -62.1875606829   4.9402298309   -1.0853776877  
  92694   92694   283.3103057059   -10.2201198425   4.9446976394   -0.1783747412  
  92729   92729   283.4362281929   60.0178776413    4.9468954014   1.0475095749   
  93051   93051   284.3191387946   2.5353767462     4.9623050984   0.044250672    
  93215   93215   284.8132926392   -7.1335890324    4.97092971     -0.1245046161  
  93581   93581   285.8880382139   -20.1285723137   4.9896875589   -0.3513098606  
  93680   93680   286.1604297065   23.329295738     4.9944416873   0.4071730228   
  93696   93696   286.1997136295   -18.7075551176   4.9951273211   -0.3265084318  
  93769   93769   286.4454325731   -29.0811092532   4.9994159257   -0.5075611066  
  93903   93903   286.8255397301   36.1001674658    5.0060500471   0.6300667828   
  93996   93996   287.0695802568   -19.2902864325   5.0103093578   -0.3366790119  
  94011   94011   287.1048852      9.133553925      5.0109255453   0.1594105884   
  94066   94066   287.2451826537   -3.341172391     5.0133741978   -0.0583144591  
  94260   94260   287.7968783289   15.7877269166    5.0230031038   0.2755478161   
  94331   94331   288.0136612823   2.6226164632     5.0267866801   0.0457732923   
  94384   94384   288.1677267285   -6.458791553     5.0294756294   -0.1127271783  
  94596   94596   288.7559573611   9.8076395273     5.0397421907   0.1711756016   
  94682   94682   288.9916140715   13.1082050415    5.0438551762   0.228781337    
  94910   94910   289.7017010299   19.6104758233    5.0562485316   0.342267371    
  94988   94988   289.9265412023   -0.0498434091    5.0601727329   -8.699316E-4   
  95108   95108   290.2255230302   7.3540754017     5.0653909502   0.1283528292   
  95133   95133   290.3261796369   5.4227130435     5.0671477394   0.094644197    
  95152   95152   290.3946565044   8.8729525288     5.0683428862   0.154862236    
  95176   95176   290.4317584265   -15.9550021626   5.0689904369   -0.2784673199  
  95673   95673   291.9016517186   37.9412076686    5.0946449145   0.662198996    
  95700   95700   291.9752605863   20.2474034109    5.0959296316   0.3533838545   
  95929   95929   292.6379781445   3.4444000312     5.107496235    0.0601161213   
  95951   95951   292.6891528726   27.9652788803    5.1083894025   0.4880861927   
  96196   96196   293.4038303059   3.7613346493     5.1208628768   0.0656476739   
  96387   96387   293.9512557151   36.944543241     5.1304172526   0.6448039202   
  96984   96984   295.7011507429   17.9682863243    5.1609586824   0.3136057573   
  97117   97117   296.0660538403   7.5882282697     5.1673274429   0.1324395677   
  97189   97189   296.3026466033   24.0511445116    5.1714567656   0.4197716606   
  97275   97275   296.5564985051   5.9881392569     5.1758873171   0.1045127461   
  97545   97545   297.3894054242   -1.1010180502    5.1904242852   -0.0192163901  
  97607   97607   297.5728328489   7.9024280515     5.1936256977   0.1379233884   
  97679   97679   297.76705697     22.6100867071    5.1970155481   0.3946204572   
  97681   97681   297.769743592    27.7169177934    5.1970624385   0.483751474    
  98425   98425   299.9799798988   37.0428860378    5.2356383393   0.6465203258   
  98441   98441   300.0294045961   32.7896824594    5.236500963    0.5722879196   
  98635   98635   300.5054351783   29.5858934588    5.244809264    0.516371253    
  98696   98696   300.6934363991   21.8544349133    5.2480905043   0.3814318454   
  98778   98778   300.923323837    36.4256136814    5.252102797    0.6357468908   
  98807   98807   301.0031115331   26.2713317316    5.253495355    0.4585212376   
  98950   98950   301.3569384682   46.6718267324    5.2596708      0.8145770444   
  99021   99021   301.541461033    35.3860202133    5.2628913263   0.6176025619   
  99089   99089   301.7413950681   46.299505304     5.2663808335   0.8080788096   
  99303   99303   302.3567365052   36.8395899722    5.2771205676   0.6429721401   
  99327   99327   302.4149839504   21.0788103379    5.2781371773   0.3678946428   
  99531   99531   303.0029109555   26.4788310041    5.2883984393   0.4621427831   
  99599   99599   303.1879490104   47.3948296148    5.2916279626   0.8271958252   
  99667   99667   303.3874525766   36.3283875278    5.2951099567   0.6340499743   
  99820   99820   303.8011677419   34.5134252756    5.3023306485   0.6023729072   
  99824   99824   303.81621225     25.5919691193    5.3025932247   0.4466641232   
  99898   99898   304.0356534411   37.5564181916    5.306423196    0.6554831527   
  99953   99953   304.2007748127   32.3798558269    5.3093051076   0.5651350955   
  99995   99995   304.2907464097   15.8726953085    5.3108754082   0.2770307943   
  100013  100013  304.3548909199   39.5935393399    5.3119949411   0.691037624    
  100435  100435  305.5142897598   24.4461160674    5.3322302682   0.4266652147   
  100574  100574  305.9348553861   37.476448272     5.3395705231   0.6540874143   
  100628  100628  306.0654911958   42.3003987045    5.3418505481   0.7382812323   
  100744  100744  306.3867231864   54.6842132113    5.347457104    0.9544195694   
  101066  101066  307.3340967368   46.6664078809    5.3639918917   0.8144824676   
  101084  101084  307.3629412829   56.068179066     5.364495324    0.9785743303   
  101118  101118  307.4490283406   36.9804044058    5.3659978266   0.6454298156   
  101160  101160  307.5747960888   10.8959155634    5.3681928879   0.1901696016   
  101411  101411  308.2713192684   31.6570639762    5.3803495107   0.5525199979   
  101780  101780  309.4170326962   18.2843755317    5.4003459823   0.3191225547   
  101921  101921  309.8051923568   -2.4129833469    5.4071206464   -0.0421145042  
  102097  102097  310.3550159954   54.2094496966    5.4167168792   0.9461333829   
  102195  102195  310.5930180799   35.4562136109    5.4208707992   0.6188276678   
  102589  102589  311.8521957952   36.4907366545    5.4428475962   0.6368835011   
  102700  102700  312.1365670847   53.9061128624    5.4478108115   0.9408391564   
  102754  102754  312.2983401826   45.4110650924    5.4506342847   0.7925726027   
  102827  102827  312.4776736749   46.6613280084    5.4537642446   0.8143938071   
  102926  102926  312.7916208396   55.4887568058    5.4592436563   0.9684615041   
  103007  103007  313.0404954227   44.4346223335    5.4635873372   0.7755304616   
  103189  103189  313.5927004344   40.7029565045    5.4732251328   0.7104006063   
  103277  103277  313.8462898643   40.3000314638    5.4776511033   0.7033682377   
  103632  103632  314.95645895     47.5209452172    5.4970272091   0.8293969577   
  103700  103700  315.2077293676   46.5785866862    5.5014127052   0.8129496986   
  103732  103732  315.2955105469   46.1557650099    5.5029447758   0.8055700682   
  103763  103763  315.40378932     68.1632712304    5.5048345969   1.1896735119   
  103879  103879  315.7335132843   46.2742326399    5.5105893657   0.8076377184   
  104361  104361  317.1234426499   47.2570485401    5.5348482095   0.8247910918   
  104483  104483  317.4942707038   45.5025545577    5.54132038     0.7941693951   
  104883  104883  318.689526715    59.7610316396    5.5621815328   1.0430267665   
  104928  104928  318.8213448461   43.803394553     5.5644821932   0.7645134585   
  105091  105091  319.3283088925   58.611491123     5.573330385    1.0229634996   
  105138  105138  319.4794496814   34.8968811474    5.5759682894   0.6090654747   
  105250  105250  319.7806713159   61.8584627494    5.5812255987   1.0796338452   
  105268  105268  319.8425545966   64.8718423132    5.5823056657   1.1322272402   
  105309  105309  319.9372483283   53.9515062859    5.5839583831   0.9416314211   
  105565  105565  320.7131180265   40.6972592815    5.5974998639   0.710301171    
  105623  105623  320.8974323727   14.0501970628    5.6007167561   0.2452221993   
  105699  105699  321.1264179693   55.3667390377    5.6047133087   0.9663318923   
  105741  105741  321.2601829765   44.4517781452    5.6070479485   0.775829887    
  106079  106079  322.3118386959   44.3381305685    5.6254028034   0.7738463626   
  106145  106145  322.5037096163   45.4941933502    5.6287515827   0.7940234645   
  106284  106284  322.9037881053   42.7007596675    5.6357342696   0.7452688493   
  106518  106518  323.6144165375   51.6984694245    5.6481370755   0.9023085097   
  106620  106620  323.9353208479   29.7455521591    5.6537379123   0.519157823    
  106628  106628  323.9652449381   47.9118789675    5.6542601862   0.8362200388   
  106716  106716  324.2485305184   58.1401853628    5.6592044523   1.0147376623   
  106723  106723  324.2700948565   -19.4660135566   5.659580821    -0.3397460288  
  106740  106740  324.3371097305   13.4745966488    5.6607504512   0.2351760769   
  107164  107164  325.6007798876   57.7360650461    5.6828056561   1.0076844322   
  107353  107353  326.1417204746   59.0571493156    5.6922468504   1.0307417024   
  107456  107456  326.4673521337   50.2924863488    5.697930195    0.8777694758   
  107469  107469  326.5117396439   50.6741409215    5.6987049032   0.8844306047   
  107521  107521  326.6432836661   52.1241550132    5.7010007795   0.9097381248   
  108022  108022  328.2656773359   25.92513872      5.7293168908   0.4524790297   
  108073  108073  328.4504446625   62.6144299336    5.732541689    1.0928279616   
  108226  108226  328.8791289976   65.3208121045    5.7400236421   1.1400632413   
  108326  108326  329.1876359509   51.5760424614    5.7454081042   0.9001717561   
  108546  108546  329.8319729599   60.297667778     5.7566539065   1.052392834    
  108597  108597  329.9814241765   -31.5256892057   5.7592623223   -0.5502270756  
  108654  108654  330.1678821927   56.7106278411    5.7625166286   0.9897871767   
  108684  108684  330.2554289464   48.1840233549    5.7640446077   0.8409698544   
  108738  108738  330.4091665003   50.167954734     5.7667278342   0.8755959891   
  108874  108874  330.8284568085   -2.1553358632    5.7740458306   -0.0376177073  
  108975  108975  331.1531616396   -26.8223355659   5.779712999    -0.4681380687  
  109113  109113  331.534816092    49.9024553909    5.7863741258   0.8709621514   
  109240  109240  331.9597199714   21.7030915896    5.7937900975   0.3787904061   
  110177  110177  334.7510129807   45.8023800086    5.8425073509   0.7994023364   
  110186  110186  334.781654374    52.1203252487    5.8430421441   0.9096712828   
  110287  110287  335.0946119546   51.8610015197    5.8485042843   0.9051452299   
  110386  110386  335.3794638869   12.2051724485    5.8534758884   0.213020445    
  110662  110662  336.2652698792   57.841595163     5.8689361195   1.0095262802   
  110672  110672  336.3192185253   1.3773926365     5.869877701    0.0240400366   
  110699  110699  336.4239585677   52.4384592107    5.8717057596   0.9152237679   
  110921  110921  337.0938974567   47.449824476     5.883398399    0.8281556666   
  111071  111071  337.5238984088   54.7901690187    5.8909033314   0.9562688471   
  111546  111546  338.967851644    39.6343412402    5.9161050696   0.6917497515   
  111785  111785  339.6326357521   55.8348353118    5.9277077411   0.9745017135   
  111954  111954  340.1638564251   -27.043615075    5.9369792909   -0.4720001247  
  112148  112148  340.7387744636   44.7217466451    5.9470135036   0.7805417262   
  112558  112558  341.9565573934   58.147091372     5.9682678253   1.0148581949   
  112632  112632  342.1803477697   55.1260596361    5.9721737042   0.9621312443   
  112641  112641  342.1995163649   54.4148968749    5.9725082593   0.9497191126   
  112778  112778  342.5907016609   41.9534030019    5.9793357307   0.7322250148   
  113017  113017  343.3150221744   62.1458401709    5.9919775085   1.0846495274   
  113226  113226  343.9461019083   43.5593000651    6.0029919277   0.760253206    
  113301  113301  344.1773027316   62.6248848549    6.0070271433   1.0930104344   
  113327  113327  344.2687243472   48.6840812087    6.0086227515   0.8496975104   
  113640  113640  345.2281224769   38.7078629335    6.0253674077   0.6755796546   
  113726  113726  345.4801935572   42.3259793564    6.029766878    0.7387276989   
  113889  113889  345.9691942423   3.8200701113     6.03830155     0.0666728011   
  114329  114329  347.3197625877   49.650613465     6.0618734144   0.8665666806   
  114815  114815  348.8663543536   62.0790512542    6.0888665329   1.0834838409   
  115224  115224  350.0792469397   55.8078021776    6.110035502    0.9740298963   
  115244  115244  350.1429495734   58.2776278709    6.1111473227   1.0171364866   
  115368  115368  350.5436125195   56.3482294172    6.1181402103   0.983462131    
  115583  115583  351.1891004059   25.4963899328    6.1294060992   0.4449959517   
  116299  116299  353.4624463178   57.2210914679    6.1690834704   0.9986964477   
  117205  117205  356.4794196562   54.7354076607    6.2217395886   0.9553130811   
  117514  117514  357.471359302    62.2140992514    6.2390522014   1.0858408731   
  117700  117700  358.0506030458   67.1687417982    6.2491619119   1.1723156988   
  117928  117928  358.7932301395   72.4602913436    6.2621231998   1.2646706609   
  118214  118214  359.693443167    46.4131775236    6.2778348811   0.8100627641   
  118224  118224  359.7051471822   32.3817106918    6.2780391547   0.565167469    
